 
Graph 1
1110000100011000001
111001011001111101
00010101110011111
0010100110010011
001111000111110
11010100100011
0001011000010
010010011000
01000011011
1000110101
101001110
00000001
0100100
001000
10000
1101
011
00
0
 
Graph 2
0001111000010001001
001000101110111011
01110110001000001
1100001111111011
001000111101100
01010000101001
0100110110111
100111011010
01011011001
0100100110
100110111
00101101
0100010
001111
11011
0110
111
00
1
 
Graph 3
1111000101001011110
010010101111110001
01001011010000110
1010100101101100
000001111000100
00000011111001
0010010000111
000111100111
11010001011
1001101001
010100001
01100000
0001100
001001
01110
1110
011
00
0
 
Graph 4
0100101110011001010
101111100000100010
10000100101011110
0101001101010111
100000100000001
10111111011010
1110101010000
100011011100
00010001010
0001011110
110010111
00001010
1011001
101010
01000
1111
000
10
0
 
Graph 5
0011011010001010010
000110010101111101
10001101000101010
0110100110011110
000010000001101
01101011110000
1100110000011
000000100010
00111110000
1001000001
100101100
11110100
1101110
000111
01000
1101
011
00
0
 
Graph 6
1010010000110100000
101100010110101111
11011001010110111
0100011011110111
101110011010110
00111000011100
0001001111011
000000011101
00110110001
0100101100
011000011
10001001
1000000
000111
01011
1011
111
10
1
 
Graph 7
1110010010110110001
010011100010101000
10010011010011100
0001011101101010
011111010101010
11101110001010
1111110110011
101100011011
11100111011
1100111111
010100100
01001111
1111011
110111
00110
1010
110
11
0
 
Graph 8
1100011100011100010
010110001011111110
10110110100101111
1101010101110001
100100100000111
11001011011000
1101011001000
011100010101
01010000111
0001100100
110111010
00000101
1010000
111011
10001
0100
111
10
1
 
Graph 9
0011011001001001101
011000111110101011
01111111100011000
0010011011101111
010000111101100
11010011110111
0001110110001
110111011011
01101100111
1010101101
000010011
00110000
0101011
111001
00010
0110
011
11
0
 
Graph 10
1110111110101110101
011101100001011101
01101000011100011
0010011100101100
001100011110011
00111010010111
1001111000111
001001111100
11100000101
0100010000
101111011
01010011
1101000
111011
01010
1000
111
11
0
