           1   58.000000000000000        42.500000000000000        52.466308012261351        1.0626239087482139E-002           3 -0.12672808604058358       0.16992618832496140       0.23422266359451502       -6.3668598847618649E-002 -0.16709194071119751        2.6379506578945149E-002           0           0   20.000000000000000     
           2   69.000000000000000        49.000000000000000        61.038608998643873        2.6607791955406836E-002           3 -0.13853869441258099      -0.11665841556366151       -6.7734347439850337E-002  -6.0574530735041446E-002 -0.11310745988722459      -0.15148907273554307                0           0   20.000000000000000     
           3   62.000000000000000        43.500000000000000        55.183781882377531        2.6585849949479462E-002           3 -0.14283781040743268      -0.11453078198382910       -6.6440194582953624E-002  -6.4640103415694830E-002 -0.12037515168773712      -0.16104795616585585                0           0   20.000000000000000     
           4   61.000000000000000        44.000000000000000        54.090064972867111        7.1592796912895917E-003           3 -0.12356541457896406       0.16741385902014222       0.23284379174234607       -6.0220598900374997E-002 -0.15980838700189501        2.6054678603009723E-002           0           0   20.000000000000000     
           5   60.000000000000000        42.000000000000000        53.674205065179400        2.5617165249063083E-002           3 -0.14725558639206079      -0.12087582200182244       -7.2323394114032713E-002  -6.6667511828072054E-002 -0.12174372055298424      -0.16015403705931200                0           0   20.000000000000000     
           6   63.000000000000000        47.500000000000000        57.618449821594744        8.0531625801772751E-003           3 -0.12153347335879060       0.16761108835353575       0.23747717209608726       -5.8536793072293335E-002 -0.16120026186163480        2.4346641458806877E-002           0           0   20.000000000000000     
           7   74.000000000000000        55.000000000000000        66.234832534308111        1.7527936735774834E-002           3 -0.12874945406346647      -0.10677980039989292       -6.0206174354665333E-002  -5.6590898986259380E-002 -0.11260963206250314      -0.15128812098315711                0           0   20.000000000000000     
           8   65.000000000000000        48.000000000000000        59.250391753393885        9.5726450544688767E-003           3 -0.13582440881483202      -0.10890959300749810       -6.3287958624483207E-002  -6.0885953285234058E-002 -0.11805607884163956      -0.15529209338390648                0           0   20.000000000000000     
           9   70.000000000000000        52.500000000000000        63.851725504573530        1.0587882238969728E-002           3 -0.13107468505790548      -0.10503198828763480       -5.8275006480836701E-002  -5.7684170516108746E-002 -0.11428880251670512      -0.15558794465951375                0           0   20.000000000000000     
          10   70.000000000000000        51.500000000000000        62.898334790571973        1.3373590605163563E-002           3 -0.13364587951578047      -0.11032607741792506       -6.3405891865978059E-002  -5.8743386163173900E-002 -0.11389931339969141      -0.15139478529548853                0           0   20.000000000000000     
