           1   58.000000000000000        42.500000000000000        51.477654251260340        5.7638379655409805E-003           2 -0.12610534324114211       -8.3722981947377012E-002  -7.7138399102369637E-002 -0.15116135168939490                0           0   20.000000000000000     
           2   69.000000000000000        49.000000000000000        59.051484577602864        8.3411963822955706E-003           2 -0.12564095501502043       -9.0657237571134391E-002  -7.1463473407006692E-002 -0.13223454250870897                0           0   20.000000000000000     
           3   62.000000000000000        43.500000000000000        53.350745104799941        6.9894595529734586E-003           2 -0.13088410409767917       -8.7946533064378593E-002  -7.5104289288065479E-002 -0.14034293097159187                0           0   20.000000000000000     
           4   61.000000000000000        44.000000000000000        53.062003242059475        3.8802438617326304E-003           2 -0.12413292700588960       -8.6725149508868504E-002  -7.4735351923730431E-002 -0.14466269809454796                0           0   20.000000000000000     
           5   60.000000000000000        42.000000000000000        51.683739289184786        7.9645475405722595E-003           2 -0.13184085569550330       -8.9220975998918539E-002  -7.7236435045097668E-002 -0.14465058648773529                0           0   20.000000000000000     
           6   63.000000000000000        47.500000000000000        56.640366721643176        4.3300791248212190E-003           2 -0.12192995736654513       -8.3253526966797803E-002  -7.2126899349840942E-002 -0.14342873742351503                0           0   20.000000000000000     
           7   74.000000000000000        55.000000000000000        64.516672291466861        4.6084676694810051E-003           2 -0.11858912456951777       -8.5755891402385390E-002  -6.7224316662587325E-002 -0.13055844658481552                0           0   20.000000000000000     
           8   65.000000000000000        48.000000000000000        57.518247008143497        3.0730093430750235E-003           2 -0.12494979380102428       -8.5863819759486384E-002  -7.1678725770796273E-002 -0.13850681915906912                0           0   20.000000000000000     
           9   70.000000000000000        52.500000000000000        62.234897915240914        2.9890592371775528E-003           2 -0.12196293454111815       -8.4972714349932782E-002  -6.7984788195774110E-002 -0.13202374340484466                0           0   20.000000000000000     
          10   70.000000000000000        51.500000000000000        61.103495262781557        3.7639089605081225E-003           2 -0.12217071696612626       -8.6764720497557776E-002  -6.9353775143953300E-002 -0.13367122299341733                0           0   20.000000000000000     
