           1   58.000000000000000        42.500000000000000        48.371246678491694        4.4772529027990737E-004           1  -9.3187237380114973E-002 -0.10344023553167372                0           0   20.000000000000000     
           2   69.000000000000000        49.000000000000000        55.059206194600947        4.4541290094733004E-004           1  -9.0050549651057452E-002  -9.5050009059810245E-002           0           0   20.000000000000000     
           3   62.000000000000000        43.500000000000000        49.816270178493291        5.1184903465558524E-004           1  -9.6838697137396443E-002 -0.10309741828590055                0           0   20.000000000000000     
           4   61.000000000000000        44.000000000000000        49.683554249887891        2.7941370964762279E-004           1  -9.0500724868819993E-002  -9.9630912121500076E-002           0           0   20.000000000000000     
           5   60.000000000000000        42.000000000000000        48.165296071043699        7.9675464501447737E-004           1  -9.6379791851158927E-002 -0.10461874024245607                0           0   20.000000000000000     
           6   63.000000000000000        47.500000000000000        53.375846303243272        3.5136101389710863E-004           1  -8.9172077126411384E-002  -9.5752407918337334E-002           0           0   20.000000000000000     
           7   74.000000000000000        55.000000000000000        60.791210670166535        2.0244958267058932E-004           1  -8.3329216951446697E-002  -8.6578126501183794E-002           0           0   20.000000000000000     
           8   65.000000000000000        48.000000000000000        54.037230384774531        2.3629071579627368E-004           1  -9.0313991958306694E-002  -9.5203705490163729E-002           0           0   20.000000000000000     
           9   70.000000000000000        52.500000000000000        58.603368387043076        1.9505911789487101E-004           1  -8.7666844702998070E-002  -9.0492682392948318E-002           0           0   20.000000000000000     
          10   70.000000000000000        51.500000000000000        57.415735865665653        2.4734781400336556E-004           1  -8.6678814631923576E-002  -9.0882684587111642E-002           0           0   20.000000000000000     
